公共点个数：3
待定转换点个数：6
===公共点在旧坐标系中的坐标===
103	3927002.191000	449256.848000
100	3928471.180000	451589.920000
102	3928308.824000	446388.500000
===公共点在新坐标系中的坐标===
103	327156.644000	485664.463000
100	328638.283000	487989.669000
102	328447.816000	482788.977000
===待转换点在旧坐标系中的坐标===
11	3927202.638000	448247.421000
07	3928890.412000	449425.214000
15	3927466.357000	446917.643000
103	3927002.191000	449256.848000
100	3928471.180000	451589.920000
102	3928308.824000	446388.500000
转换参数：a=-3602385.714666, b=57613.407531, α=0.183446, k=1.000043
===待转换点在新坐标系中的坐标===
11	327351.643066	484653.926898
07	329045.829449	485822.634190
15	327608.184475	483322.685785
103	327156.644527	485664.465940
100	328638.281925	487989.667546
102	328447.816548	482788.975515
